60 70 50 30 100 50 75 70 35 75 60 45 45 65 70
40 75 65 60 40 80 20 120 40 45 85 50 25 55 100
60 60 60 30 60 90 30 60 90 90 60 30 90 60 30
30 60 90 30 120 30 30 120 30 30 120 30 30 120 30
60 70 50 30 100 50 75 70 35 75 60 45 70 65 45
30 130 20 100 55 25 40 30 110 35 15 130 20 40 120
30 110 40 120 35 25 20 70 90 90 60 30 15 75 90
50 70 60 100 15 65 70 15 95 15 80 85 50 115 15
60 50 70 55 50 75 45 30 105 60 50 70 110 45 25
35 85 60 20 30 130 40 60 80 50 70 60 25 140 15
65 55 60 20 85 75 30 130 20 95 20 65 55 50 75
65 70 45 55 20 105 75 65 40 10 125 45 115 35 30
50 70 60 95 30 55 85 65 30 35 30 115 35 125 20
50 60 70 105 40 35 25 60 95 30 50 100 85 75 20
60 70 50 40 90 50 90 10 80 100 50 30 20 100 60
70 20 90 10 80 90 80 25 75 20 105 55 100 20 60
130 20 30 140 30 10 160 10 10 150 20 10 130 10 40
120 6 54 80 5 95 145 1 34 85 35 60 40 120 20
60 60 60 30 60 90 30 60 90 30 60 90 30 60 90
30 60 90 30 60 90 30 60 90 30 60 90 30 60 90
130 30 20 100 55 25 40 30 110 35 15 130 20 40 120
110 30 40 120 35 25 20 70 90 90 60 30 15 75 90
70 50 60 100 15 65 70 15 95 15 80 85 50 115 15
50 60 70 110 45 25 55 50 75 60 50 70 45 30 105
85 35 60 20 30 130 40 60 80 50 70 60 25 140 15
65 55 60 20 85 75 30 130 20 95 20 65 55 75 50
65 70 45 55 20 105 75 65 40 10 125 45 115 30 35
50 70 60 95 30 55 85 65 30 35 30 115 35 20 125
50 60 70 105 40 35 25 60 95 30 50 100 85 20 75
60 70 50 40 90 50 90 10 80 100 50 30 20 60 100
0 0 180
