L 10 0 50 40
L 10 40 50 0
L 10 10 60 10
L 0 30 50 30
*
C 25 25 25
C 50 25 25
C 25 50 25
C 50 50 25
*
L 0 0 80 80
L 80 100 100 80
*
L 0 0 80 80
L 80 100 100 80
C 85 85 10
*
C 10 10 10
C 20 10 10
L 5 10 25 10
*
L 10 10 90 90
L 10 90 90 10
C 50 50 30
*
L 20 20 20 80
L 20 80 80 80
L 80 80 80 20
L 80 20 20 20
C 20 20 20
C 20 80 20
C 80 80 20
C 80 20 20
*
L 20 20 20 80
L 20 80 80 80
L 80 80 80 20
L 80 20 20 20
C 20 20 20
C 20 80 20
C 80 80 20
C 80 20 20
C 50 50 33
*
L 20 20 20 80
L 20 80 80 80
L 80 80 80 20
L 80 20 20 20
C 20 20 20
C 20 80 20
C 80 80 20
C 80 20 20
C 50 50 40
*
L 20 20 20 80
L 20 80 80 80
L 80 80 80 20
L 80 20 20 20
C 20 20 20
C 20 80 20
C 80 80 20
C 80 20 20
C 50 50 45
*
C 50 50 10
C 50 50 20
C 50 50 30
C 50 50 40
L 15 50 35 50
L 50 50 60 30
L 70 70 90 90
*
L 0 0 100 0
L 0 10 100 10
L 0 20 100 20
L 0 30 100 30
L 0 40 100 40
L 0 60 100 60
L 0 70 100 70
L 0 80 100 80
L 0 90 100 90
L 0 100 100 100
L 0 0 0 100
L 10 0 10 100
L 20 0 20 100
L 30 0 30 100
L 40 0 40 100
L 60 0 60 100
L 70 0 70 100
L 80 0 80 100
L 90 0 90 100
L 100 0 100 100
*
C 50 50 30
L 10 50 90 50
L 50 10 50 90
L 20 20 65 65
L 80 20 35 65
*
L 33 3 61 63
L 96 28 4 20
L 81 20 93 91
L 85 71 28 8
L 93 51 36 75
L 82 46 5 97
L 8 89 39 3
L 51 47 19 95
L 8 39 66 79
L 63 17 47 56
L 81 92 49 76
L 84 35 94 28
L 83 31 77 79
L 24 90 0 60
L 24 37 66 20
L 35 75 3 41
L 66 0 56 21
L 33 37 79 76
L 28 93 89 43
L 88 68 36 61
*
C 19 62 6
C 63 34 35
L 33 73 77 50
L 42 92 48 29
C 18 14 10
L 92 25 53 79
L 19 29 63 76
L 98 31 35 62
L 11 33 86 74
L 54 60 2 75
L 14 70 9 88
L 78 62 32 25
L 91 92 28 59
C 2 91 1
L 99 84 79 38
L 72 14 70 27
L 40 92 4 8
L 56 31 69 77
C 29 94 6
L 12 12 74 71
*
C 47 91 9
C 34 77 4
C 96 33 2
C 17 97 2
C 45 42 39
C 16 29 15
C 80 91 3
C 99 1 1
C 80 3 1
C 5 65 1
C 94 43 5
C 3 31 2
C 80 99 1
C 42 61 7
C 86 51 8
C 20 12 12
C 27 94 3
C 28 90 6
C 58 54 40
C 96 54 3
*
*
