28 3 5
2 18 5 13 12 6
17 25 20 15
50 6 1
9 45
50 5 4
1 20 18 48 21 35 22 14
60 4 6
3 50 48 58 54 4 55 5 56 6 57 7
60 4 6
4 50 48 58 54 5 55 6 56 7 57 8
60 4 6
3 50 48 59 54 4 55 5 57 7 58 8
64 4 6
3 50 48 59 53 4 54 5 57 7 58 8
64 5 6
3 50 48 59 52 4 53 5 57 7 58 8
60 6 14
6 1 11 2 12 13 14 15 16 9 17 19 21 3
26 20 31 25 36 30 41 35 46 40 51 45 56 50
430 3 40
1 406 2 400 4 340 5 280 7 114 33 395
50 10 51 11 52 12
58 234
110 13 111 14 112 15
119 54 130 405
170 16 171 17 172 18
180 418 190 125 195 392 200 345
230 19 231 20 232 21
240 295
290 22 291 23 292 24
296 175 300 415 390 422
410 28 411 29 412 30
413 419 420 311 421 313 423 315 425 317
50 4 20
1 44 4 22 5 13 6 45 7 27 8 31 11 34 14 48 15 18 19 41 21 2 23 10
24 39 26 36 30 25 33 38 35 12 37 3 42 16 49 43
50 2 23
1 36 3 21 4 23 5 24 6 25 7 22 9 35 11 8 12 10 14 45 16 28 17 43
20 15 26 47 29 2 30 13 33 37 34 32 40 49 41 27 42 31 46 44 48 38
50 5 23
1 36 3 21 4 23 5 24 6 25 7 22 9 35 11 8 12 10 14 45 16 28 17 43
20 15 26 47 29 2 30 13 33 37 34 32 40 49 41 27 42 31 46 44 48 38
520 5 40
29 104 36 232 48 127 73 204 83 484 101 384 109 316 125 313 153 197 154 362
156 318 169 246 175 472 182 157 184 418 192 294 228 129 229 494 230 424 247 450
253 373 267 135 310 428 319 425 325 181 326 249 359 26 403 302 410 339 426 292
436 380 444 186 455 209 464 379 466 40 479 233 486 110 497 76 512 180 517 511
520 6 40
29 104 36 232 48 127 73 204 83 484 101 384 109 316 125 313 153 197 154 362
156 318 169 246 175 472 182 157 184 418 192 294 228 129 229 494 230 424 247 450
253 373 267 135 310 428 319 425 325 181 326 249 359 26 403 302 410 339 426 292
436 380 444 186 455 209 464 379 466 40 479 233 486 110 497 76 512 180 517 511
999999996 6 14
6 1 60000011 2000000 60000012 60000013 60000014 60000015
120000016 12000000
180000017 19000000 240000021 3000000
300000026 20000000 360000031 25000000 420000036 30000000
480000041 35000000 540000046 40000000
600000051 45000000 900000056 50000000
1000000000 3 40
1 700000406 2 700000400 4 500000340 5 300000280 7 100000114
33 700000395
50 10 51 11 52 12
58 300000234
100000110 13 100000111 14 100000112 15
100000119 54 100000130 700000405
200000170 16 200000171 17 200000172 18
200000180 900000418 200000190 100000125 200000195 700000392
200000200 500000345
300000230 19 300000231 20 300000232 21
300000240 500000295
500000290 22 500000291 23 500000292 24
500000296 200000175 500000300 900000415 700000390 900000422
900000410 28 900000411 29 900000412 30
900000413 900000419 900000420 500000311 900000421 500000313
960000423 500000315 960000425 500000317
0
