4
45 45 40 65 55 35 45 45 10 20 95 10
5
30 30 20 30 60 20 60 30 20 60 60 20 90 45 15
16
200 120 65 300 100 55 400 120 65 480 200 65
500 300 55 480 400 65 400 480 65 300 500 55
200 480 65 120 400 65 100 300 55 120 200 65
300 245 60 300 355 60 385 300 51 215 300 51
5
20 95 5
45 45 40
45 45 10
20 95 10
65 55 35
5
60 60 40
60 120 40
120 60 40
120 120 40
90 90 30
7
30 30 20
30 60 20
60 30 20
60 60 20
40 40 5
87 40 10
87 50 10
24
55 360 45 118 362 105
45 414 12 66 414 12
95 250 12 116 247 12
43 272 14 63 261 12
405 380 45 342 382 105
415 434 12 394 434 12
365 270 12 344 267 12
417 292 14 397 281 12
130 55 45 128 118 105
76 45 12 76 66 12
240 95 12 243 116 12
218 43 14 229 63 12
100
468 613 55 400 100 55 1000 100 55 159 349 30 1052 181 45
979 455 45 1068 613 55 815 382 40 720 427 25 220 427 25
868 483 20 852 181 45 918 275 60 1015 382 40 518 532 45
1059 349 30 252 181 45 820 427 25 168 613 55 559 349 30
968 613 55 115 382 40 615 382 40 415 382 40 418 275 60
515 382 40 968 483 20 452 181 45 79 455 45 918 532 45
459 349 30 420 427 25 520 427 25 659 349 30 68 483 20
1020 427 25 259 349 30 120 427 25 818 532 45 718 532 45
268 483 20 915 382 40 715 382 40 752 181 45 279 455 45
300 100 55 652 181 45 379 455 45 959 349 30 179 455 45
879 455 45 1018 275 60 168 483 20 718 275 60 352 181 45
868 613 55 900 100 55 668 483 20 418 532 45 218 532 45
152 181 45 215 382 40 500 100 55 818 275 60 218 275 60
100 100 55 315 382 40 318 275 60 579 455 45 118 532 45
118 275 60 568 483 20 368 613 55 200 100 55 368 483 20
920 427 25 668 613 55 768 483 20 759 349 30 320 427 25
1018 532 45 952 181 45 318 532 45 679 455 45 618 532 45
468 483 20 479 455 45 268 613 55 552 181 45 620 427 25
568 613 55 518 275 60 800 100 55 359 349 30 768 613 55
618 275 60 600 100 55 859 349 30 700 100 55 779 455 45
15
300000 300000 200000
300000 600000 200000
600000 300000 200000
600000 600000 200000
900000 450000 150000
453700 453700 2000
453700 456700 2000
456700 453700 2000
456700 456700 2000
459700 455200 1500
455236 455236 20
455236 455266 20
455266 455236 20
455266 455266 20
455296 455251 15
13
11000 990004 20
11000 989960 20
10988 989982 10
11012 989982 10
242157 364551 10000
255030 349199 10000
1000000 1000000 985000
248580 356892 20
248585 356867 10
248603 356882 10
248608 356858 20
11000 1000000 10000
11000 979965 10000
13
11000 990004 20
11000 989960 20
10988 989982 3
11025 989982 10
242157 364551 10000
255030 349199 10000
1000000 1000000 985000
248580 356892 20
248585 356867 3
248608 356858 20
248613 356891 10
11000 1000000 10000
11000 979965 10000
8
500000 400000 255000
750000 540000 38000
750000 830000 255000
738000 501000 3900
1000000 400000 255000
750000 473000 6000
762000 501000 3900
750000 491000 13000
0
