1 11
69 29
69 20
-1 -1
35 35
-1 -1
1 1
94 73
1 73
94 1
-1 -1
2 2
3 7
4 4
6 1
-1 -1
50 15
65 9
31 17
42 12
-1 -1
3 4
4 5
50 10
-1 -1
5 4
5 3
4 2
4 1
-1 -1
70 20
70 50
-1 -1
70 10
70 20
70 15
-1 -1
70 10
70 25
70 15
-1 -1
85 60
85 73
90 65
94 70
-1 -1
85 60
85 73
90 65
94 70
85 65
-1 -1
1 73
2 73
3 73
4 73
-1 -1
1 64
2 64
3 64
4 64
1 63
2 63
3 63
4 63
1 62
2 62
3 62
4 62
1 61
2 61
3 61
4 61
-1 -1
16 12
85 12
-1 -1
15 13
84 13
-1 -1
0 0
