4 80
0000
1000
0011
0011
8 75
11111000
11110000
11000011
11000011
11000100
00000100
00010011
00010011
4 56
1100
1100
0011
0010
4 69
1111
1111
0011
0010
4 80
1111
0111
1100
1100
8 75
00000111
00001111
00111100
00111100
00111011
11111011
11101100
11101100
4 56
0011
0011
1100
1101
4 69
0000
0000
1100
1101
1 51
0
1 51
1
2 51
10
01
2 51
01
10
4 51
1010
0101
1010
0101
4 51
0101
1010
0101
1010
8 51
10101010
01010101
10101010
01010101
10101010
01010101
10101010
01010101
8 51
01010101
10101010
01010101
10101010
01010101
10101010
01010101
10101010
16 51
1010101010101010
0101010101010101
1010101010101010
0101010101010101
1010101010101010
0101010101010101
1010101010101010
0101010101010101
1010101010101010
0101010101010101
1010101010101010
0101010101010101
1010101010101010
0101010101010101
1010101010101010
0101010101010101
16 51
0101010101010101
1010101010101010
0101010101010101
1010101010101010
0101010101010101
1010101010101010
0101010101010101
1010101010101010
0101010101010101
1010101010101010
0101010101010101
1010101010101010
0101010101010101
1010101010101010
0101010101010101
1010101010101010
32 51
10101010101010101010101010101010
01010101010101010101010101010101
10101010101010101010101010101010
01010101010101010101010101010101
10101010101010101010101010101010
01010101010101010101010101010101
10101010101010101010101010101010
01010101010101010101010101010101
10101010101010101010101010101010
01010101010101010101010101010101
10101010101010101010101010101010
01010101010101010101010101010101
10101010101010101010101010101010
01010101010101010101010101010101
10101010101010101010101010101010
01010101010101010101010101010101
10101010101010101010101010101010
01010101010101010101010101010101
10101010101010101010101010101010
01010101010101010101010101010101
10101010101010101010101010101010
01010101010101010101010101010101
10101010101010101010101010101010
01010101010101010101010101010101
10101010101010101010101010101010
01010101010101010101010101010101
10101010101010101010101010101010
01010101010101010101010101010101
10101010101010101010101010101010
01010101010101010101010101010101
10101010101010101010101010101010
01010101010101010101010101010101
32 51
01010101010101010101010101010101
10101010101010101010101010101010
01010101010101010101010101010101
10101010101010101010101010101010
01010101010101010101010101010101
10101010101010101010101010101010
01010101010101010101010101010101
10101010101010101010101010101010
01010101010101010101010101010101
10101010101010101010101010101010
01010101010101010101010101010101
10101010101010101010101010101010
01010101010101010101010101010101
10101010101010101010101010101010
01010101010101010101010101010101
10101010101010101010101010101010
01010101010101010101010101010101
10101010101010101010101010101010
01010101010101010101010101010101
10101010101010101010101010101010
01010101010101010101010101010101
10101010101010101010101010101010
01010101010101010101010101010101
10101010101010101010101010101010
01010101010101010101010101010101
10101010101010101010101010101010
01010101010101010101010101010101
10101010101010101010101010101010
01010101010101010101010101010101
10101010101010101010101010101010
01010101010101010101010101010101
10101010101010101010101010101010
64 51
1010101010101010101010101010101010101010101010101010101010101010
0101010101010101010101010101010101010101010101010101010101010101
1010101010101010101010101010101010101010101010101010101010101010
0101010101010101010101010101010101010101010101010101010101010101
1010101010101010101010101010101010101010101010101010101010101010
0101010101010101010101010101010101010101010101010101010101010101
1010101010101010101010101010101010101010101010101010101010101010
0101010101010101010101010101010101010101010101010101010101010101
1010101010101010101010101010101010101010101010101010101010101010
0101010101010101010101010101010101010101010101010101010101010101
1010101010101010101010101010101010101010101010101010101010101010
0101010101010101010101010101010101010101010101010101010101010101
1010101010101010101010101010101010101010101010101010101010101010
0101010101010101010101010101010101010101010101010101010101010101
1010101010101010101010101010101010101010101010101010101010101010
0101010101010101010101010101010101010101010101010101010101010101
1010101010101010101010101010101010101010101010101010101010101010
0101010101010101010101010101010101010101010101010101010101010101
1010101010101010101010101010101010101010101010101010101010101010
0101010101010101010101010101010101010101010101010101010101010101
1010101010101010101010101010101010101010101010101010101010101010
0101010101010101010101010101010101010101010101010101010101010101
1010101010101010101010101010101010101010101010101010101010101010
0101010101010101010101010101010101010101010101010101010101010101
1010101010101010101010101010101010101010101010101010101010101010
0101010101010101010101010101010101010101010101010101010101010101
1010101010101010101010101010101010101010101010101010101010101010
0101010101010101010101010101010101010101010101010101010101010101
1010101010101010101010101010101010101010101010101010101010101010
0101010101010101010101010101010101010101010101010101010101010101
1010101010101010101010101010101010101010101010101010101010101010
0101010101010101010101010101010101010101010101010101010101010101
1010101010101010101010101010101010101010101010101010101010101010
0101010101010101010101010101010101010101010101010101010101010101
1010101010101010101010101010101010101010101010101010101010101010
0101010101010101010101010101010101010101010101010101010101010101
1010101010101010101010101010101010101010101010101010101010101010
0101010101010101010101010101010101010101010101010101010101010101
1010101010101010101010101010101010101010101010101010101010101010
0101010101010101010101010101010101010101010101010101010101010101
1010101010101010101010101010101010101010101010101010101010101010
0101010101010101010101010101010101010101010101010101010101010101
1010101010101010101010101010101010101010101010101010101010101010
0101010101010101010101010101010101010101010101010101010101010101
1010101010101010101010101010101010101010101010101010101010101010
0101010101010101010101010101010101010101010101010101010101010101
1010101010101010101010101010101010101010101010101010101010101010
0101010101010101010101010101010101010101010101010101010101010101
1010101010101010101010101010101010101010101010101010101010101010
0101010101010101010101010101010101010101010101010101010101010101
1010101010101010101010101010101010101010101010101010101010101010
0101010101010101010101010101010101010101010101010101010101010101
1010101010101010101010101010101010101010101010101010101010101010
0101010101010101010101010101010101010101010101010101010101010101
1010101010101010101010101010101010101010101010101010101010101010
0101010101010101010101010101010101010101010101010101010101010101
1010101010101010101010101010101010101010101010101010101010101010
0101010101010101010101010101010101010101010101010101010101010101
1010101010101010101010101010101010101010101010101010101010101010
0101010101010101010101010101010101010101010101010101010101010101
1010101010101010101010101010101010101010101010101010101010101010
0101010101010101010101010101010101010101010101010101010101010101
1010101010101010101010101010101010101010101010101010101010101010
0101010101010101010101010101010101010101010101010101010101010101
64 51
0101010101010101010101010101010101010101010101010101010101010101
1010101010101010101010101010101010101010101010101010101010101010
0101010101010101010101010101010101010101010101010101010101010101
1010101010101010101010101010101010101010101010101010101010101010
0101010101010101010101010101010101010101010101010101010101010101
1010101010101010101010101010101010101010101010101010101010101010
0101010101010101010101010101010101010101010101010101010101010101
1010101010101010101010101010101010101010101010101010101010101010
0101010101010101010101010101010101010101010101010101010101010101
1010101010101010101010101010101010101010101010101010101010101010
0101010101010101010101010101010101010101010101010101010101010101
1010101010101010101010101010101010101010101010101010101010101010
0101010101010101010101010101010101010101010101010101010101010101
1010101010101010101010101010101010101010101010101010101010101010
0101010101010101010101010101010101010101010101010101010101010101
1010101010101010101010101010101010101010101010101010101010101010
0101010101010101010101010101010101010101010101010101010101010101
1010101010101010101010101010101010101010101010101010101010101010
0101010101010101010101010101010101010101010101010101010101010101
1010101010101010101010101010101010101010101010101010101010101010
0101010101010101010101010101010101010101010101010101010101010101
1010101010101010101010101010101010101010101010101010101010101010
0101010101010101010101010101010101010101010101010101010101010101
1010101010101010101010101010101010101010101010101010101010101010
0101010101010101010101010101010101010101010101010101010101010101
1010101010101010101010101010101010101010101010101010101010101010
0101010101010101010101010101010101010101010101010101010101010101
1010101010101010101010101010101010101010101010101010101010101010
0101010101010101010101010101010101010101010101010101010101010101
1010101010101010101010101010101010101010101010101010101010101010
0101010101010101010101010101010101010101010101010101010101010101
1010101010101010101010101010101010101010101010101010101010101010
0101010101010101010101010101010101010101010101010101010101010101
1010101010101010101010101010101010101010101010101010101010101010
0101010101010101010101010101010101010101010101010101010101010101
1010101010101010101010101010101010101010101010101010101010101010
0101010101010101010101010101010101010101010101010101010101010101
1010101010101010101010101010101010101010101010101010101010101010
0101010101010101010101010101010101010101010101010101010101010101
1010101010101010101010101010101010101010101010101010101010101010
0101010101010101010101010101010101010101010101010101010101010101
1010101010101010101010101010101010101010101010101010101010101010
0101010101010101010101010101010101010101010101010101010101010101
1010101010101010101010101010101010101010101010101010101010101010
0101010101010101010101010101010101010101010101010101010101010101
1010101010101010101010101010101010101010101010101010101010101010
0101010101010101010101010101010101010101010101010101010101010101
1010101010101010101010101010101010101010101010101010101010101010
0101010101010101010101010101010101010101010101010101010101010101
1010101010101010101010101010101010101010101010101010101010101010
0101010101010101010101010101010101010101010101010101010101010101
1010101010101010101010101010101010101010101010101010101010101010
0101010101010101010101010101010101010101010101010101010101010101
1010101010101010101010101010101010101010101010101010101010101010
0101010101010101010101010101010101010101010101010101010101010101
1010101010101010101010101010101010101010101010101010101010101010
0101010101010101010101010101010101010101010101010101010101010101
1010101010101010101010101010101010101010101010101010101010101010
0101010101010101010101010101010101010101010101010101010101010101
1010101010101010101010101010101010101010101010101010101010101010
0101010101010101010101010101010101010101010101010101010101010101
1010101010101010101010101010101010101010101010101010101010101010
0101010101010101010101010101010101010101010101010101010101010101
1010101010101010101010101010101010101010101010101010101010101010
64 51
1110010011100010001100001011100110111001000011001100101000101010
1100111010100001100010001011001110011101011110011000110101000010
1111011101001001000010010100001111000101010001000010111011010111
1000001001011110101001010100010111101011100011000000110100101011
1001100010110001001101111000010111110110111001010111101000111111
1101001110010111111100110100111110101110000000001011100100000001
0111001111010000010011101111000010110000011100001001100111010101
0101001000001110001111001100001000101111100011001011111011110111
1010010001001010010001100111100110101101011110010101001111101010
1111111101011100110111000111101101000001111000001110001110011111
0001101100110000111101110101111111011101001101110000000101001010
0010111110111000110000111101010110100000000111110100110101001110
0011110111010101001000110000011111101101011101101010111001110101
1100100101101101110000001011110000110001101001111010010110100111
1111011100010000001101100111101111011010000111100100011111110101
0001100010101000101000010100110110101101100001011011100100110000
1101010000110000010011101001011011100011010100011101101110010011
1001111010000011111110010010000101111011111100010110011100110011
1110000010111100101001101111111101011101111110001101101110100001
0110111101010110110010010101011100101111101001101001010101101011
1101011011000011110110110010110000000110101001111111100011001101
1111000000011010010001101110001100000001000101110011010000111000
1111001101111100110011001110101100110110100111001011100001011000
0011111010010001011100111101100111011110101111111111110110010110
1101010101101100000001111001111010000000010101101111100010001100
1010100100010100111011000111101001000111001000111111100000001011
1101100000010001100110110000010100001000111101100011000011000001
1101001100100011011110001100110110110101010101100011001010011001
0001011101001111010110101000000000001100111100011010000001010010
0101110001001110011100010101011001111010001010110000101010011100
0101010101001011101100000001001110111100110111001110100100000011
0011011011001011111111100010110000000001110101101101111110100110
0111100001011001001000011111001010000001111000000000100000010011
0011110111111101011111101000011010101001101111110110000101011000
1101100011111011001100111110010010011100011111000111101100001111
1000111000100110100011111111010101000110110000100010011100011001
0110010100111100101110111100100001011100011100001011010101101010
1101011111001001110001001001110010100101101000010100001001010011
1101101100110001001011100110011110111101100110111001111111011011
0011001000101000010001001000110101000111111001101001111100101000
1001010111001100001010111110100110001111010011000001000011100010
0101100001001111100101100001000011100010001100010010101101010000
1111101100100001010100111000000110101111110000011111000000001110
0011010111010111110110101000111101110100101011110001110111111001
1001110100010011001111100110100010000010100011000100100111000011
1110011000110101010001010001111010010010010000010100100111111111
0101011010111001101000110101001010010000010110101101011111100101
0110101010101010011011010100010100110101101010111010111011110010
1010011111110111010110000110001100001110110010010101001000011000
0111100100011101100101001010001010100000110110111111010110000001
1100000111001100111110001110111011001010010000000000010100110100
1111101111011010101011001000011100000001011101110110100111111010
0100001011001111100001101110110001100101101100010100000101111101
1101000010000011111011001111011010010111001001101100101010000100
0011010111111001010111100010001001100100011000010100010110011001
0010011011011010110011000000001000010001011111101100101010001111
0100111111111001000101011110010000010111100001110010101001111010
0100001001000101100010011100000001001001011101001111110010111101
1011111010111100100011001100000001001010111000101011010101111111
0001100111100010111111001001100011100010011110010101111011011010
0110001110100100011101000011100010110101001000110011000111011101
1110001000101110010100110100011001000101110010011111111011011101
1011100100000111100011111001101000001001100110000111000111100111
0001101101000100100011001000111111111111100110010110101100111001
64 51
0001101100011101110011110100011001000110111100110011010111010101
0011000101011110011101110100110001100010100001100111001010111101
0000100010110110111101101011110000111010101110111101000100101000
0111110110100001010110101011101000010100011100111111001011010100
0110011101001110110010000111101000001001000110101000010111000000
0010110001101000000011001011000001010001111111110100011011111110
1000110000101111101100010000111101001111100011110110011000101010
1010110111110001110000110011110111010000011100110100000100001000
0101101110110101101110011000011001010010100001101010110000010101
0000000010100011001000111000010010111110000111110001110001100000
1110010011001111000010001010000000100010110010001111111010110101
1101000001000111001111000010101001011111111000001011001010110001
1100001000101010110111001111100000010010100010010101000110001010
0011011010010010001111110100001111001110010110000101101001011000
0000100011101111110010011000010000100101111000011011100000001010
1110011101010111010111101011001001010010011110100100011011001111
0010101111001111101100010110100100011100101011100010010001101100
0110000101111100000001101101111010000100000011101001100011001100
0001111101000011010110010000000010100010000001110010010001011110
1001000010101001001101101010100011010000010110010110101010010100
0010100100111100001001001101001111111001010110000000011100110010
0000111111100101101110010001110011111110111010001100101111000111
0000110010000011001100110001010011001001011000110100011110100111
1100000101101110100011000010011000100001010000000000001001101001
0010101010010011111110000110000101111111101010010000011101110011
0101011011101011000100111000010110111000110111000000011111110100
0010011111101110011001001111101011110111000010011100111100111110
0010110011011100100001110011001001001010101010011100110101100110
1110100010110000101001010111111111110011000011100101111110101101
1010001110110001100011101010100110000101110101001111010101100011
1010101010110100010011111110110001000011001000110001011011111100
1100100100110100000000011101001111111110001010010010000001011001
1000011110100110110111100000110101111110000111111111011111101100
1100001000000010100000010111100101010110010000001001111010100111
0010011100000100110011000001101101100011100000111000010011110000
0111000111011001011100000000101010111001001111011101100011100110
1001101011000011010001000011011110100011100011110100101010010101
0010100000110110001110110110001101011010010111101011110110101100
0010010011001110110100011001100001000010011001000110000000100100
1100110111010111101110110111001010111000000110010110000011010111
0110101000110011110101000001011001110000101100111110111100011101
1010011110110000011010011110111100011101110011101101010010101111
0000010011011110101011000111111001010000001111100000111111110001
1100101000101000001001010111000010001011010100001110001000000110
0110001011101100110000011001011101111101011100111011011000111100
0001100111001010101110101110000101101101101111101011011000000000
1010100101000110010111001010110101101111101001010010100000011010
1001010101010101100100101011101011001010010101000101000100001101
0101100000001000101001111001110011110001001101101010110111100111
1000011011100010011010110101110101011111001001000000101001111110
0011111000110011000001110001000100110101101111111111101011001011
0000010000100101010100110111100011111110100010001001011000000101
1011110100110000011110010001001110011010010011101011111010000010
0010111101111100000100110000100101101000110110010011010101111011
1100101000000110101000011101110110011011100111101011101001100110
1101100100100101001100111111110111101110100000010011010101110000
1011000000000110111010100001101111101000011110001101010110000101
1011110110111010011101100011111110110110100010110000001101000010
0100000101000011011100110011111110110101000111010100101010000000
1110011000011101000000110110011100011101100001101010000100100101
1001110001011011100010111100011101001010110111001100111000100010
0001110111010001101011001011100110111010001101100000000100100010
0100011011111000011100000110010111110110011001111000111000011000
1110010010111011011100110111000000000000011001101001010011000110
64 51
1110010011100010001100001011100110111001000011001100101000101010
1100111010100001100010001011001110011101011110011000110101000010
1111011101001001000010010100001111000101010001000010111011010111
1000001001011110101001010100010111101011100011000000110100101011
1001100010110001001101111000010111110110111001010111101000111111
1101001110010111111100110100111110101110000000001011100100000001
0111001111010000010011101111000010110000011100001001100111010101
0101001000001110001111001100001000101111100011001011111011110111
1010010001001010010001100111100110101101011110010101001111101010
1111111101011100110111000111101101000001111000001110001110011111
0001101100110000111101110101111111011101001101110000000101001010
0010111110111000110000111101010110100000000111110100110101001110
0011110111010101001000110000011111101101011101101010111001110101
1100100101101101110000001011110000110001101001111010010110100111
1111011100010000001101100111101111011010000111100100011111110101
0001100010101000101000010100110110101101100001011011100100110000
1101010000110000010011101001011011100011010100011101101110010011
1001111010000011111110010010000101111011111100010110011100110011
1110000010111100101001101111111101011101111110001101101110100001
0110111101010110110010010101011100101111101001101001010101101011
1101011011000011110110110010110000000110101001111111100011001101
1111000000011010010001101110001100000001000101110011010000111000
1111001101111100110011001110101100110110100111001011100001011000
0011111010010001011100111101100111011110101111111111110110010110
1101010101101100000001111001111010000000010101101111100010001100
1010100100010100111011000111101001000111001000111111100000001011
1101100000010001100110110000010100001000111101100011000011000001
1101001100100011011110001100110110110101010101100011001010011001
0001011101001111010110101000000000001100111100011010000001010010
0101110001001110011100010101011001111010001010110000101010011100
0101010101001011101100000001001110111100110111001110100100000011
0011011011001011111111100010110000000001110101101101111110100110
0111100001011001001000011111001010000001111000000000100000010011
0011110111111101011111101000011010101001101111110110000101011000
1101100011111011001100111110010010011100011111000111101100001111
1000111000100110100011111111010101000110110000100010011100011001
0110010100111100101110111100100001011100011100001011010101101010
1101011111101001110001001001110010100101101000010100001001010011
1101101100110001001011100110011110111101100110111001111111011011
0011001000101000010001001000110101000111111001101001111100101000
1001010111001100001010111110100110001111010011000001000011100010
0101100001001111100101100001000011100010001100010010101101010000
1111101100100001010100111000000110101111110000011111000000001110
0011010111010111110110101000111101110100101011110001110111111001
1001110100010011001111100110100010000010100011000100100111000011
1110011000110101010001010001111010010010010000010100100111111111
0101011010111001101000110101001010010000010110101101011111100101
0110101010101010011011010100010100110101101010111010111011110010
1010011111110111010110000110001100001110110010010101001000011000
0111100100011101100101001010001010100000110110111111010110000001
1100000111001100111110001110111011001010010000000000010100110100
1111101111011010101011001000011100000001011101110110100111111010
0100001011001111100001101110110001100101101100010100000101111101
1101000010000011111011001111011010010111001001101100101010000100
0011010111111001010111100010001001100100011000010100010110011001
0010011011011010110011000000001000010001011111101100101010001111
0100111111111001000101011110010000010111100001110010101001111010
0100001001000101100010011100000001001001011101001111110010111101
1011111010111100100011001100000001001010111000101011010101111111
0001100111100010111111001001100011100010011110010101111011011010
0110001110100100011101000011100010110101001000110011000111011101
1110001000101110010100110100011001000101110010011111111011011101
1011100100000111100011111001101000001001100110000111000111100111
0001101101000100100011001000111111111111100110010110101100111001
64 51
0001101100011101110011110100011001000110111100110011010111010101
0011000101011110011101110100110001100010100001100111001010111101
0000100010110110111101101011110000111010101110111101000100101000
0111110110100001010110101011101000010100011100111111001011010100
0110011101001110110010000111101000001001000110101000010111000000
0010110001101000000011001011000001010001111111110100011011111110
1000110000101111101100010000111101001111100011110110011000101010
1010110111110001110000110011110111010000011100110100000100001000
0101101110110101101110011000011001010010100001101010110000010101
0000000010100011001000111000010010111110000111110001110001100000
1110010011001111000010001010000000100010110010001111111010110101
1101000001000111001111000010101001011111111000001011001010110001
1100001000101010110111001111100000010010100010010101000110001010
0011011010010010001111110100001111001110010110000101101001011000
0000100011101111110010011000010000100101111000011011100000001010
1110011101010111010111101011001001010010011110100100011011001111
0010101111001111101100010110100100011100101011100010010001101100
0110000101111100000001101101111010000100000011101001100011001100
0001111101000011010110010000000010100010000001110010010001011110
1001000010101001001101101010100011010000010110010110101010010100
0010100100111100001001001101001111111001010110000000011100110010
0000111111100101101110010001110011111110111010001100101111000111
0000110010000011001100110001010011001001011000110100011110100111
1100000101101110100011000010011000100001010000000000001001101001
0010101010010011111110000110000101111111101010010000011101110011
0101011011101011000100111000010110111000110111000000011111110100
0010011111101110011001001111101011110111000010011100111100111110
0010110011011100100001110011001001001010101010011100110101100110
1110100010110000101001010111111111110011000011100101111110101101
1010001110110001100011101010100110000101110101001111010101100011
1010101010110100010011111110110001000011001000110001011011111100
1100100100110100000000011101001111111110001010010010000001011001
1000011110100110110111100000110101111110000111111111011111101100
1100001000000010100000010111100101010110010000001001111010100111
0010011100000100110011000001101101100011100000111000010011110000
0111000111011001011100000000101010111001001111011101100011100110
1001101011000011010001000011011110100011100011110100101010010101
0010100000010110001110110110001101011010010111101011110110101100
0010010011001110110100011001100001000010011001000110000000100100
1100110111010111101110110111001010111000000110010110000011010111
0110101000110011110101000001011001110000101100111110111100011101
1010011110110000011010011110111100011101110011101101010010101111
0000010011011110101011000111111001010000001111100000111111110001
1100101000101000001001010111000010001011010100001110001000000110
0110001011101100110000011001011101111101011100111011011000111100
0001100111001010101110101110000101101101101111101011011000000000
1010100101000110010111001010110101101111101001010010100000011010
1001010101010101100100101011101011001010010101000101000100001101
0101100000001000101001111001110011110001001101101010110111100111
1000011011100010011010110101110101011111001001000000101001111110
0011111000110011000001110001000100110101101111111111101011001011
0000010000100101010100110111100011111110100010001001011000000101
1011110100110000011110010001001110011010010011101011111010000010
0010111101111100000100110000100101101000110110010011010101111011
1100101000000110101000011101110110011011100111101011101001100110
1101100100100101001100111111110111101110100000010011010101110000
1011000000000110111010100001101111101000011110001101010110000101
1011110110111010011101100011111110110110100010110000001101000010
0100000101000011011100110011111110110101000111010100101010000000
1110011000011101000000110110011100011101100001101010000100100101
1001110001011011100010111100011101001010110111001100111000100010
0001110111010001101011001011100110111010001101100000000100100010
0100011011111000011100000110010111110110011001111000111000011000
1110010010111011011100110111000000000000011001101001010011000110
64 74
1110110111110111011101011011111110111011001111101111101100101111
1111111110101001110110101011111111011101111110011011111111100010
1111011101101001110011011100111111010101011111000111111011010111
1110111011011111101111010111011111101011111011100111110110111111
1011100010110111111111111000010111110111111101111111111011111111
1101001111110111111110110101111110101110110100101111111101010111
1111001111010011111011101111000110111100111101001111100111011111
0111101111001110101111011101001010101111100111111011111011111111
1010110111101110110001110111111110111111011110010111111111111011
1111111111011110110111110111111111100001111011011111001111011111
0111111101111111111111110111111111111101111101110011110101101011
1011111110111011110101111111111110100110011111110100111111001110
0011111111110101101101111011011111101101111111111111111101110101
1100100111101101111010001111110010111001101001111111110110100111
1111111100010010001111111111101111011011001111100100111111111101
1011110011111011111000011110110111111111101111011111111111111000
1111110010110000010111111011011011100111010110011101111111010111
1001111011001011111110011110110101111011111101111110011110110011
1110010111111111111011111111111101111101111111011101101111110001
1111111101111110110110010111111101101111111111101101110111111011
1111111011101011110111111111110000100110101101111111110111001111
1111101000111010111001101111101110110101011101111011111001111001
1111011101111100111011011111111111111111101111101111101101111010
0011111111011011111111111111100111011111111111111111111110010111
1111011101101100111001111011111111001000111111111111100111011111
1010101100010111111011110111111011000111001100111111101100011011
1111101010010001110110111011110110101000111111100111101111010101
1101001101101011111110111110111110110111110101101011001010011011
1011011111001111111111111100101111011101111100011111001011011110
1101111101001110111101010101111001111010011110110100101010111110
1101010111011011101110001101011110111100110111011110101100000111
0111111111101011111111101010110111001111110111101101111110101111
0111110101011011011100011111111110001101111100111100100010111011
1011110111111111011111111011011010111101101111110110011101011101
1101111011111011001111111110111110011110011111100111111101011111
1011111110100111100111111111111101101111111111110010011101011101
0111111111111100111110111100100011111111011110011011011111101010
1101011111111111110111101111110011110101101011110100011101011011
1111101101110011001011111111011111111101110111111011111111111011
1111011010111001110101111101111101110111111101101101111101111000
1011110111011100001111111110111110111111010011100001101011100110
0111110101101111100101101001101111101111011111110111111101111100
1111111100101011010110111110100110101111111010111111100100001110
0111110111011111111110101110111111111100101111110011111111111001
1101111100010011111111101110110110011111111011011101101111001111
1111011101110101110001011101111010011110111111011111111111111111
0101111111111001111000110111101110010001110110101101011111110101
0111101110101010011011011100110100110101101011111111111011111010
1011111111110111010110000110001111001111111010110111011100111111
0111110100111101101111001010001111111000111110111111111111111111
1110000111001101111110111111111111111011110011100001111101111100
1111101111111111101011101111011110010001011111111110111111111011
1111101111011111101111111111110111100101101111010111111111111101
1101010011110111111111011111011011010111011001111100101010101110
0111010111111111111111111010011111110111011010011111111110111001
1111011111011011110111010110111111111011011111111101111011011111
1111111111111001010111111111010011111111111001111010111001111110
0111001001110111101111011110000111011011011111001111111111111111
1011111111111100101011111101100101001010111001101111011111111111
1101100111101110111111111011100011110010111110010111111011011110
1110101111111100011111001011101110111101101001110011000111111111
1111001100101111010100110110111001111111110110011111111111111111
1111110100001111111111111101111010001011110110100111101111110111
1111101111001110101111001110111111111111101110011110101101111001
64 74
0001001000001000100010100100000001000100110000010000010011010000
0000000001010110001001010100000000100010000001100100000000011101
0000100010010110001100100011000000101010100000111000000100101000
0001000100100000010000101000100000010100000100011000001001000000
0100011101001000000000000111101000001000000010000000000100000000
0010110000001000000001001010000001010001001011010000000010101000
0000110000101100000100010000111001000011000010110000011000100000
1000010000110001010000100010110101010000011000000100000100000000
0101001000010001001110001000000001000000100001101000000000000100
0000000000100001001000001000000000011110000100100000110000100000
1000000010000000000000001000000000000010000010001100001010010100
0100000001000100001010000000000001011001100000001011000000110001
1100000000001010010010000100100000010010000000000000000010001010
0011011000010010000101110000001101000110010110000000001001011000
0000000011101101110000000000010000100100110000011011000000000010
0100001100000100000111100001001000000000010000100000000000000111
0000001101001111101000000100100100011000101001100010000000101000
0110000100110100000001100001001010000100000010000001100001001100
0001101000000000000100000000000010000010000000100010010000001110
0000000010000001001001101000000010010000000000010010001000000100
0000000100010100001000000000001111011001010010000000001000110000
0000010111000101000110010000010001001010100010000100000110000110
0000100010000011000100100000000000000000010000010000010010000101
1100000000100100000000000000011000100000000000000000000001101000
0000100010010011000110000100000000110111000000000000011000100000
0101010011101000000100001000000100111000110011000000010011100100
0000010101101110001001000100001001010111000000011000010000101010
0010110010010100000001000001000001001000001010010100110101100100
0100100000110000000000000011010000100010000011100000110100100001
0010000010110001000010101010000110000101100001001011010101000001
0010101000100100010001110010100001000011001000100001010011111000
1000000000010100000000010101001000110000001000010010000001010000
1000001010100100100011100000000001110010000011000011011101000100
0100001000000000100000000100100101000010010000001001100010100010
0010000100000100110000000001000001100001100000011000000010100000
0100000001011000011000000000000010010000000000001101100010100010
1000000000000011000001000011011100000000100001100100100000010101
0010100000000000001000010000001100001010010100001011100010100100
0000010010001100110100000000100000000010001000000100000000000100
0000100101000110001010000010000010001000000010010010000010000111
0100001000100011110000000001000001000000101100011110010100011001
1000001010010000011010010110010000010000100000001000000010000011
0000000011010100101001000001011001010000000101000000011011110001
1000001000100000000001010001000000000011010000001100000000000110
0010000011101100000000010001001001100000000100100010010000110000
0000100010001010001110100010000101100001000000100000000000000000
1010000000000110000111001000010001101110001001010010100000001010
1000010001010101100100100011001011001010010100000000000100000101
0100000000001000101001111001110000110000000101001000100011000000
1000001011000010010000110101110000000111000001000000000000000000
0001111000110010000001000000000000000100001100011110000010000011
0000010000000000010100010000100001101110100000000001000000000100
0000010000100000010000000000001000011010010000101000000000000010
0010101100001000000000100000100100101000100110000011010101010001
1000101000000000000000000101100000001000100101100000000001000110
0000100000100100001000101001000000000100100000000010000100100000
0000000000000110101000000000101100000000000110000101000110000001
1000110110001000010000100001111000100100100000110000000000000000
0100000000000011010100000010011010110101000110010000100000000000
0010011000010001000000000100011100001101000001101000000100100001
0001010000000011100000110100010001000010010110001100111000000000
0000110011010000101011001001000110000000001001100000000000000000
0000001011110000000000000010000101110100001001011000010000001000
0000010000110001010000110001000000000000010001100001010010000110
64 74
1110110111110111011101011011111110111011001111101111101100101111
1111111110101001110110101011111111011101111110011011111111100010
1111011101101001110011011100111111010101011111000111111011010111
1110111011011111101111010111011111101011111011100111110110111111
1011100010110111111111111000010111110111111101111111111011111111
1101001111110111111110110101111110101110110100101111111101010111
1111001111010011111011101111000110111100111101001111100111011111
0111101111001110101111011101001010101111100111111011111011111111
1010110111101110110001110111111110111111011110010111111111111011
1111111111011110110111110111111111100001111011011111001111011111
0111111101111111111111110111111111111101111101110011110101101011
1011111110111011110101111111111110100110011111110100111111001110
0011111111110101101101111011011111101101111111111111111101110101
1100100111101101111010001111110010111001101001111111110110100111
1111111100010010001111111111101111011011001111100100111111111101
1011110011111011111000011110110111111111101111011111111111111000
1111110010110000010111111011011011100111010110011101111111010111
1001111011001011111110011110110101111011111101111110011110110011
1110010111111111111011111111111101111101111111011101101111110001
1111111101111110110110010111111101101111111111101101110111111011
1111111011101011110111111111110000100110101101111111110111001111
1111101000111010111001101111101110110101011101111011111001111001
1111011101111100111011011111111111111111101111101111101101111010
0011111111011011111111111111100111011111111111111111111110010111
1111011101101100111001111011111111001000111111111111100111011111
1010101100010111111011110111111011000111001100111111101100011011
1111101010010001110110111011110110101000111111100111101111010101
1101001101101011111110111110111110110111110101101011001010011011
1011011111001111111111111100101111011101111100011111001011011110
1101111101001110111101010101111001111010011110110100101010111110
1101010111011011101110001101011110111100110111011110101100000111
0111111111101011111111101010110111001111110111101101111110101111
0111110111011011011100011111111110001101111100111100100010111011
1011110111111111011111111011011010111101101111110110011101011101
1101111011111011001111111110111110011110011111100111111101011111
1011111110100111100111111111111101101111111111110010011101011101
0111111111111100111110111100100011111111011110011011011111101010
1101011111111111110111101111110011110101101011110100011101011011
1111101101110011001011111111011111111101110111111011111111111011
1111011010111001110101111101111101110111111101101101111101111000
1011110111011100001111111110111110111111010011100001101011100110
0111110101101111100101101001101111101111011111110111111101111100
1111111100101011010110111110100110101111111010111111100100001110
0111110111011111111110101110111111111100101111110011111111111001
1101111100010011111111101110110110011111111011011101101111001111
1111011101110101110001011101111010011110111111011111111111111111
0101111111111001111000110111101110010001110110101101011111110101
0111101110101010011011011100110100110101101011111111111011111010
1011111111110111010110000110001111001111111010110111011100111111
0111110100111101101111001010001111111000111110111111111111111111
1110000111001101111110111111111111111011110011100001111101111100
1111101111111111101011101111011110010001011111111110111111111011
1111101111011111101111111111110111100101101111010111111111111101
1101010011110111111111011111011011010111011001111100101010101110
0111010111111111111111111010011111110111011010011111111110111001
1111011111011011110111010110111111111011011111111101111011011111
1111111111111001010111111111010011111111111001111010111001111110
0111001001110111101111011110000111011011011111001111111111111111
1011111111111100101011111101100101001010111001101111011111111111
1101100111101110111111111011100011110010111110010111111011011110
1110101111111100011111001011101110111101101001110011000111111111
1111001100101111010100110110111001111111110110011111111111111111
1111110100001111111111111101111010001011110110100111101111110111
1111101111001110101111001110111111111111101110011110101101111001
64 74
0001001000001000100010100100000001000100110000010000010011010000
0000000001010110001001010100000000100010000001100100000000011101
0000100010010110001100100011000000101010100000111000000100101000
0001000100100000010000101000100000010100000100011000001001000000
0100011101001000000000000111101000001000000010000000000100000000
0010110000001000000001001010000001010001001011010000000010101000
0000110000101100000100010000111001000011000010110000011000100000
1000010000110001010000100010110101010000011000000100000100000000
0101001000010001001110001000000001000000100001101000000000000100
0000000000100001001000001000000000011110000100100000110000100000
1000000010000000000000001000000000000010000010001100001010010100
0100000001000100001010000000000001011001100000001011000000110001
1100000000001010010010000100100000010010000000000000000010001010
0011011000010010000101110000001101000110010110000000001001011000
0000000011101101110000000000010000100100110000011011000000000010
0100001100000100000111100001001000000000010000100000000000000111
0000001101001111101000000100100100011000101001100010000000101000
0110000100110100000001100001001010000100000010000001100001001100
0001101000000000000100000000000010000010000000100010010000001110
0000000010000001001001101000000010010000000000010010001000000100
0000000100010100001000000000001111011001010010000000001000110000
0000010111000101000110010000010001001010100010000100000110000110
0000100010000011000100100000000000000000010000010000010010000101
1100000000100100000000000000011000100000000000000000000001101000
0000100010010011000110000100000000110111000000000000011000100000
0101010011101000000100001000000100111000110011000000010011100100
0000010101101110001001000100001001010111000000011000010000101010
0010110010010100000001000001000001001000001010010100110101100100
0100100000110000000000000011010000100010000011100000110100100001
0010000010110001000010101010000110000101100001001011010101000001
0010101000100100010001110010100001000011001000100001010011111000
1000000000010100000000010101001000110000001000010010000001010000
1000001000100100100011100000000001110010000011000011011101000100
0100001000000000100000000100100101000010010000001001100010100010
0010000100000100110000000001000001100001100000011000000010100000
0100000001011000011000000000000010010000000000001101100010100010
1000000000000011000001000011011100000000100001100100100000010101
0010100000000000001000010000001100001010010100001011100010100100
0000010010001100110100000000100000000010001000000100000000000100
0000100101000110001010000010000010001000000010010010000010000111
0100001000100011110000000001000001000000101100011110010100011001
1000001010010000011010010110010000010000100000001000000010000011
0000000011010100101001000001011001010000000101000000011011110001
1000001000100000000001010001000000000011010000001100000000000110
0010000011101100000000010001001001100000000100100010010000110000
0000100010001010001110100010000101100001000000100000000000000000
1010000000000110000111001000010001101110001001010010100000001010
1000010001010101100100100011001011001010010100000000000100000101
0100000000001000101001111001110000110000000101001000100011000000
1000001011000010010000110101110000000111000001000000000000000000
0001111000110010000001000000000000000100001100011110000010000011
0000010000000000010100010000100001101110100000000001000000000100
0000010000100000010000000000001000011010010000101000000000000010
0010101100001000000000100000100100101000100110000011010101010001
1000101000000000000000000101100000001000100101100000000001000110
0000100000100100001000101001000000000100100000000010000100100000
0000000000000110101000000000101100000000000110000101000110000001
1000110110001000010000100001111000100100100000110000000000000000
0100000000000011010100000010011010110101000110010000100000000000
0010011000010001000000000100011100001101000001101000000100100001
0001010000000011100000110100010001000010010110001100111000000000
0000110011010000101011001001000110000000001001100000000000000000
0000001011110000000000000010000101110100001001011000010000001000
0000010000110001010000110001000000000000010001100001010010000110
32 54
10110000011111110111100101111010
01111111111101110100001111010001
01000011110010110011101010010011
10011011001010011010010011100001
10110101010011000001010100110010
11010011011100010101011010001111
10110100001100000111010100100011
11100010111001111011001100101011
11111000010110000111010111010100
10111001001001011100000010110001
11111011100111000001010011111000
00001111111000101000000101000010
11011001110010010101100111010110
01101100101110111110111010100011
11101011110001110001100010010011
11011010010011111111101100010111
01111100101111001001101010010001
10001010110110000001001110111000
11111000111001111011010100100010
11110110011010000011110111111101
10011011000101101100110110011000
00000010110001101110010011110001
01111001101011101111111110111000
10111001101010010100101010011110
00000011011001000101110010011000
10110101001000110001100101111001
11100011001011100101001111110100
01100101010101001111111011111101
10111000000010101000111111011110
00001011110110100111000101110111
00111011010001001000110010101111
11111011101110010110101100111001
32 54
01001111100000001000011010000101
10000000000010001011110000101110
10111100001101001100010101101100
01100100110101100101101100011110
01001010101100111110101011001101
00101100100011101010100101110000
01001011110011111000101011011100
00011101000110000100110011010100
00000111101001111000101000101011
01000110110110100011111101001110
00000100011000111110101100000111
11110000000111010111111010111101
00100110001101101010011000101001
10010011010001000001000101011100
00010100001110001110011101101100
00100101101100000000010011101000
10000011010000110110010101101110
01110101001001111110110001000111
00000111000110000100101011011101
00001001100101111100001000000010
01100100111010010011001001100111
11111101001110010001101100001110
10000110010100010000000001000111
01000110010101101011010101100001
11111100100110111010001101100111
01001010110111001110011010000110
00011100110100011010110000001011
10011010101010110000000100000010
01000111111101010111000000100001
11110100001001011000111010001000
11000100101110110111001101010000
00000100010001101001010011000110
32 54
10110000011111110111100101111010
01111111111101110100001111010001
01000011110010110011101010010011
10011011001010011010010011100001
10110101010011000001010100110010
11010011011100010101011010001111
10110100001100000111010100100011
11100010111001111011001100101011
11111000010110000111010111010100
11111001001001011100000010110001
11111011100111000001010011111000
00001111111000101000000101000010
11011001110010010101100111010110
01101100101110111110111010100011
11101011110001110001100010010011
11011010010011111111101100010111
01111100101111001001101010010001
10001010110110000001001110111000
11111000111001111011010100100010
11110110011010000011110111111101
10011011000101101100110110011000
00000010110001101110010011110001
01111001101011101111111110111000
10111001101010010100101010011110
00000011011001000101110010011000
10110101001000110001100101111001
11100011001011100101001111110100
01100101010101001111111011111101
10111000000010101000111111011110
00001011110110100111000101110111
00111011010001001000110010101111
11111011101110010110101100111001
32 54
01001111100000001000011010000101
10000000000010001011110000101110
10111100001101001100010101101100
01100100110101100101101100011110
01001010101100111110101011001101
00101100100011101010100101110000
01001011110011111000101011011100
00011101000110000100110011010100
00000111101001111000101000101011
00000110110110100011111101001110
00000100011000111110101100000111
11110000000111010111111010111101
00100110001101101010011000101001
10010011010001000001000101011100
00010100001110001110011101101100
00100101101100000000010011101000
10000011010000110110010101101110
01110101001001111110110001000111
00000111000110000100101011011101
00001001100101111100001000000010
01100100111010010011001001100111
11111101001110010001101100001110
10000110010100010000000001000111
01000110010101101011010101100001
11111100100110111010001101100111
01001010110111001110011010000110
00011100110100011010110000001011
10011010101010110000000100000010
01000111111101010111000000100001
11110100001001011000111010001000
11000100101110110111001101010000
00000100010001101001010011000110
64 54
1011000001111111011110010111101010110000011111110111100101111010
0111111111110111010000111101000101111111111101110100001111010001
0100001111001011001110101001001101000011110010110011101010010011
1001101100101001101001001110000110011011001010011010010011100001
1011010101001100000101010011001010110101010011000001010100110010
1101001101110001010101101000111111010011011100010101011010001111
1011010000110000011101010010001110110100001100000111010100100011
1110001011100111101100110010101111100010111001111011001100101011
1111100001011000011101011101010011111000010110000111010111010100
1011100100100101110000001011000111111001001001011100000010110001
1111101110011100000101001111100011111011100111000001010011111000
0000111111100010100000010100001000001111111000101000000101000010
1101100111001001010110011101011011011001110010010101100111010110
0110110010111011111011101010001101101100101110111110111010100011
1110101111000111000110001001001111101011110001110001100010010011
1101101001001111111110110001011111011010010011111111101100010111
0111110010111100100110101001000101111100101111001001101010010001
1000101011011000000100111011100010001010110110000001001110111000
1111100011100111101101010010001011111000111001111011010100100010
1111011001101000001111011111110111110110011010000011110111111101
1001101100010110110011011001100010011011000101101100110110011000
0000001011000110111001001111000100000010110001101110010011110001
0111100110101110111111111011100001111001101011101111111110111000
1011100110101001010010101001111010111001101010010100101010011110
0000001101100100010111001001100000000011011001000101110010011000
1011010100100011000110010111100110110101001000110001100101111001
1110001100101110010100111111010011100011001011100101001111110100
0110010101010100111111101111110101100101010101001111111011111101
1011100000001010100011111101111010111000000010101000111111011110
0000101111011010011100010111011100001011110110100111000101110111
0011101101000100100011001010111100111011010001001000110010101111
1111101110111001011010110011100111111011101110010110101100111001
0100111110000000100001101000010101001111100000001000011010000101
1000000000001000101111000010111010000000000010001011110000101110
1011110000110100110001010110110010111100001101001100010101101100
0110010011010110010110110001111001100100110101100101101100011110
0100101010110011111010101100110101001010101100111110101011001101
0010110010001110101010010111000000101100100011101010100101110000
0100101111001111100010101101110001001011110011111000101011011100
0001110100011000010011001101010000011101000110000100110011010100
0000011110100111100010100010101100000111101001111000101000101011
0100011011011010001111110100111000000110110110100011111101001110
0000010001100011111010110000011100000100011000111110101100000111
1111000000011101011111101011110111110000000111010111111010111101
0010011000110110101001100010100100100110001101101010011000101001
1001001101000100000100010101110010010011010001000001000101011100
0001010000111000111001110110110000010100001110001110011101101100
0010010110110000000001001110100000100101101100000000010011101000
1000001101000011011001010110111010000011010000110110010101101110
0111010100100111111011000100011101110101001001111110110001000111
0000011100011000010010101101110100000111000110000100101011011101
0000100110010111110000100000001000001001100101111100001000000010
0110010011101001001100100110011101100100111010010011001001100111
1111110100111001000110110000111011111101001110010001101100001110
1000011001010001000000000100011110000110010100010000000001000111
0100011001010110101101010110000101000110010101101011010101100001
1111110010011011101000110110011111111100100110111010001101100111
0100101011011100111001101000011001001010110111001110011010000110
0001110011010001101011000000101100011100110100011010110000001011
1001101010101011000000010000001010011010101010110000000100000010
0100011111110101011100000010000101000111111101010111000000100001
1111010000100101100011101000100011110100001001011000111010001000
1100010010111011011100110101000011000100101110110111001101010000
0000010001000110100101001100011000000100010001101001010011000110
32 71
11110001111111111111101101111011
01111111111101110100011111111111
01100011110011111011111111010111
10011011011010011010110011100011
11111101110011100111010100110110
11111111011110110111011111011111
11110110001100011111010101111011
11100110111101111111001100111111
11111001110111110111010111110101
11111101101101011111110010110001
11111011110111000111110011111100
00101111111100111111010101010111
11011111111110010111101111010110
01101100111110111111111010101011
11101011111001110011100111010111
11111010010011111111101100010111
01111101101111011001101011011011
11001110111110101011001110111110
11111000111011111011010111111110
11110110011010011011111111111101
11011011010101101100110110011110
00010011110011101110110111110001
01111111101111111111111111111111
10111001101010011110101010111111
10000011011101011101111011011100
10111101101010111001101101111011
11100011001011110101001111111101
01111111011101001111111111111101
11111100011010101100111111011110
10001011110110100111101101110111
11111011110011101011110011101111
11111011101110010110101101111001
32 71
00001110000000000000010010000100
10000000000010001011100000000000
10011100001100000100000000101000
01100100100101100101001100011100
00000010001100011000101011001001
00000000100001001000100000100000
00001001110011100000101010000100
00011001000010000000110011000000
00000110001000001000101000001010
00000010010010100000001101001110
00000100001000111000001100000011
11010000000011000000101010101000
00100000000001101000010000101001
10010011000001000000000101010100
00010100000110001100011000101000
00000101101100000000010011101000
10000010010000100110010100100100
00110001000001010100110001000001
00000111000100000100101000000001
00001001100101100100000000000010
00100100101010010011001001100001
11101100001100010001001000001110
10000000010000000000000000000000
01000110010101100001010101000000
01111100100010100010000100100011
01000010010101000110010010000100
00011100110100001010110000000010
10000000100010110000000000000010
00000011100101010011000000100001
01110100001001011000010010001000
00000100001100010100001100010000
00000100010001101001010010000110
32 71
11110001111111111111101101111011
01111111111101110100011111111111
01100011110011111011111111010111
10011011011010011010110011100011
11111101110011100111010100110110
11111111011110110111011111011111
11110110001100011111010101111011
11100110111101111111001100111111
11111001110111110111010111110101
11111101101101011111110010110001
11111011110111000111110011111100
00101111111100111111010101010111
11011111111110010111101111010110
01101100111110111111111010101011
11101011111001110011100111010111
11111010010011111111101100010111
01111101101111011001101011011011
11001110111110101011001110111110
11111000111011111011010111111110
11110110011010011011111111111101
11011011010101101100110110011110
00010011110011101110110111110001
01111111101111111111111111111111
10111001101010011110101010111111
10000011011101011101111011011100
10111101101010111001101101111011
11100011001011110101001111111101
01111111011101001111111111111101
11111100011010101100111111011110
10001011110110110111101101110111
11111011110011101011110011101111
11111011101110010110101101111001
32 71
00001110000000000000010010000100
10000000000010001011100000000000
10011100001100000100000000101000
01100100100101100101001100011100
00000010001100011000101011001001
00000000100001001000100000100000
00001001110011100000101010000100
00011001000010000000110011000000
00000110001000001000101000001010
00000010010010100000001101001110
00000100001000111000001100000011
11010000000011000000101010101000
00100000000001101000010000101001
10010011000001000000000101010100
00010100000110001100011000101000
00000101101100000000010011101000
10000010010000100110010100100100
00110001000001010100110001000001
00000111000100000100101000000001
00001001100101100100000000000010
00100100101010010011001001100001
11101100001100010001001000001110
10000000010000000000000000000000
01000110010101100001010101000000
01111100100010100010000100100011
01000010010101000110010010000100
00011100110100001010110000000010
10000000100010110000000000000010
00000011100101010011000000100001
01110100001001001000010010001000
00000100001100010100001100010000
00000100010001101001010010000110
64 71
1111000111111111111110110111101111110001111111111111101101111011
0111111111110111010001111111111101111111111101110100011111111111
0110001111001111101111111101011101100011110011111011111111010111
1001101101101001101011001110001110011011011010011010110011100011
1111110111001110011101010011011011111101110011100111010100110110
1111111101111011011101111101111111111111011110110111011111011111
1111011000110001111101010111101111110110001100011111010101111011
1110011011110111111100110011111111100110111101111111001100111111
1111100111011111011101011111010111111001110111110111010111110101
1111110110110101111111001011000111111101101101011111110010110001
1111101111011100011111001111110011111011110111000111110011111100
0010111111110011111101010101011100101111111100111111010101010111
1101111111111001011110111101011011011111111110010111101111010110
0110110011111011111111101010101101101100111110111111111010101011
1110101111100111001110011101011111101011111001110011100111010111
1111101001001111111110110001011111111010010011111111101100010111
0111110110111101100110101101101101111101101111011001101011011011
1100111011111010101100111011111011001110111110101011001110111110
1111100011101111101101011111111011111000111011111011010111111110
1111011001101001101111111111110111110110011010011011111111111101
1101101101010110110011011001111011011011010101101100110110011110
0001001111001110111011011111000100010011110011101110110111110001
0111111110111111111111111111111101111111101111111111111111111111
1011100110101001111010101011111110111001101010011110101010111111
1000001101110101110111101101110010000011011101011101111011011100
1011110110101011100110110111101110111101101010111001101101111011
1110001100101111010100111111110111100011001011110101001111111101
0111111101110100111111111111110101111111011101001111111111111101
1111110001101010110011111101111011111100011010101100111111011110
1000101111011010011110110111011110001011110110110111101101110111
1111101111001110101111001110111111111011110011101011110011101111
1111101110111001011010110111100111111011101110010110101101111001
0000111000000000000001001000010000001110000000000000010010000100
1000000000001000101110000000000010000000000010001011100000000000
1001110000110000010000000010100010011100001100000100000000101000
0110010010010110010100110001110001100100100101100101001100011100
0000001000110001100010101100100100000010001100011000101011001001
0000000010000100100010000010000000000000100001001000100000100000
0000100111001110000010101000010000001001110011100000101010000100
0001100100001000000011001100000000011001000010000000110011000000
0000011000100000100010100000101000000110001000001000101000001010
0000001001001010000000110100111000000010010010100000001101001110
0000010000100011100000110000001100000100001000111000001100000011
1101000000001100000010101010100011010000000011000000101010101000
0010000000000110100001000010100100100000000001101000010000101001
1001001100000100000000010101010010010011000001000000000101010100
0001010000011000110001100010100000010100000110001100011000101000
0000010110110000000001001110100000000101101100000000010011101000
1000001001000010011001010010010010000010010000100110010100100100
0011000100000101010011000100000100110001000001010100110001000001
0000011100010000010010100000000100000111000100000100101000000001
0000100110010110010000000000001000001001100101100100000000000010
0010010010101001001100100110000100100100101010010011001001100001
1110110000110001000100100000111011101100001100010001001000001110
1000000001000000000000000000000010000000010000000000000000000000
0100011001010110000101010100000001000110010101100001010101000000
0111110010001010001000010010001101111100100010100010000100100011
0100001001010100011001001000010001000010010101000110010010000100
0001110011010000101011000000001000011100110100001010110000000010
1000000010001011000000000000001010000000100010110000000000000010
0000001110010101001100000010000100000011100101010011000000100001
0111010000100101100001001000100001110100001001001000010010001000
0000010000110001010000110001000000000100001100010100001100010000
0000010001000110100101001000011000000100010001101001010010000110
0
